id,Status_C,Status_CL,Status_D
15000,0.9513939053452835,0.006566400341589398,0.042039694313127145
15001,0.97932613842282,0.0022227879974135284,0.01845107357976648
15002,0.7696562876075218,0.025511322471754957,0.20483238992072322
15003,0.019034481062116013,0.0014105002965619491,0.9795550186413221
15004,0.9456083839544791,0.002538366059019271,0.051853249986501676
15005,0.4275020335110304,0.06274500052777324,0.5097529659611963
15006,0.8738716980191181,0.02465098248387681,0.10147731949700509
15007,0.892722636161823,0.0070521427660263526,0.10022522107215066
15008,0.9493722720965618,0.004587589360666508,0.04604013854277174
15009,0.8504173506111178,0.007598351214605939,0.14198429817427632
15010,0.9552610687762226,0.016037257075183855,0.028701674148593558
15011,0.9817973800247434,0.0026518395462219314,0.01555078042903468
15012,0.15830168454707555,0.03584897761230722,0.8058493378406172
15013,0.976881781966101,0.003941606624770967,0.019176611409128068
15014,0.9860945088976875,0.0042410427154900765,0.009664448386822472
15015,0.9697315627476436,0.002188912513025002,0.02807952473933144
15016,0.829400798168678,0.013571733083948096,0.157027468747374
15017,0.9477957419641924,0.0006808092188818607,0.0515234488169259
15018,0.9266972527292281,0.000869662768297243,0.0724330845024747
15019,0.9870525945752637,0.001913911900550915,0.011033493524185364
15020,0.9756892753929527,0.0007490810324884503,0.023561643574558786
15021,0.9622222413167821,0.0042137331721912984,0.033564025511026635
15022,0.90113649778146,0.005605283671769165,0.09325821854677092
15023,0.07844988616596894,0.00409046341551055,0.9174596504185205
15024,0.9164375838582476,0.008637862163913997,0.0749245539778384
15025,0.9019484182940606,0.008847428441868848,0.08920415326407055
15026,0.3494238464758033,0.01332739463242342,0.6372487588917733
15027,0.816558067462886,0.009551397751320967,0.1738905347857931
15028,0.9136513213003686,0.0060093143191061165,0.0803393643805253
15029,0.784243839196003,0.004725527088523128,0.21103063371547381
15030,0.8252689642599796,0.0671272765083568,0.10760375923166356
15031,0.9756045866000651,0.0023223424389314453,0.02207307096100346
15032,0.941398635492908,0.022765128116743708,0.03583623639034831
15033,0.833926929160108,0.05429126156188905,0.11178180927800291
15034,0.9652778423372798,0.003703079193818785,0.031019078468901548
15035,0.9290578476016329,0.0021898344638656736,0.0687523179345014
15036,0.9762703699666654,0.006287310445745461,0.017442319587589135
15037,0.8050455755185546,0.011737199250399394,0.183217225231046
15038,0.9460566838140073,0.014058218208790395,0.03988509797720229
15039,0.6851508194109627,0.0041853371190091315,0.3106638434700283
15040,0.9798392790243406,0.004682453310777521,0.015478267664881857
15041,0.1624104990212263,0.007449284283433717,0.83014021669534
15042,0.6063313506518117,0.015273172011695218,0.3783954773364931
15043,0.06091560359643342,0.001545396413594692,0.9375389999899719
15044,0.9673753046625876,0.016592529402815977,0.01603216593459651
15045,0.22403636327919638,0.011918441028256729,0.7640451956925469
15046,0.06908069528293592,0.004143691014442459,0.9267756137026216
15047,0.9447546648473111,0.0017959427364531411,0.05344939241623583
15048,0.7861404902154812,0.037723284838929665,0.17613622494558917
15049,0.9744415119311163,0.004982048137705781,0.020576439931177987
15050,0.07072880973817902,0.010544297696552967,0.9187268925652681
15051,0.9835857795477747,0.0015394551492016791,0.014874765303023563
15052,0.7441746013282328,0.008481424193019978,0.24734397447874723
15053,0.9295471991796473,0.013957055669445637,0.05649574515090706
15054,0.8036331229896355,0.002553346753086312,0.1938135302572782
15055,0.0962285542125234,0.0018087281012780345,0.9019627176861985
15056,0.8834362322368273,0.00906629435528861,0.10749747340788417
15057,0.7717275951569507,0.0061001648046918044,0.22217224003835756
15058,0.9504639320653603,0.0022370984119488672,0.04729896952269093
15059,0.9617313399360371,0.002584137572630524,0.03568452249133236
15060,0.039815046913632655,0.010494910817802901,0.9496900422685645
15061,0.9776264284328376,0.002426337183875741,0.019947234383286577
15062,0.982616312234385,0.001843355875979576,0.015540331889635436
15063,0.015672528010349705,0.002035652426612487,0.9822918195630378
15064,0.848505463624706,0.01419176307709212,0.13730277329820184
15065,0.9702495698808266,0.0019072321412366353,0.02784319797793675
15066,0.6905587488770423,0.15121804565294944,0.15822320547000834
15067,0.9561202461520582,0.002854862503592202,0.04102489134434964
15068,0.9678381004758796,0.006522973305806196,0.025638926218314203
15069,0.563346867502041,0.018525846719166465,0.4181272857787926
15070,0.8824317945417365,0.0009514869945469099,0.11661671846371657
15071,0.027391821899543808,0.003885629464904878,0.9687225486355513
15072,0.26290201281547637,0.3369069535856214,0.4001910335989023
15073,0.06431886628610611,0.01673179812106301,0.9189493355928309
15074,0.9601149144922383,0.0024357055256537382,0.037449379982107914
15075,0.9393855912346579,0.0018634999767299237,0.05875090878861208
15076,0.818146465385749,0.007490777199279952,0.17436275741497112
15077,0.017302996958699256,0.00294169126511071,0.97975531177619
15078,0.028637277661022708,0.012318129943848889,0.9590445923951283
15079,0.982781488328247,0.001510065813682882,0.015708445858070266
15080,0.05403780077067237,0.001727129458964507,0.9442350697703631
15081,0.4567200897439137,0.02590222406811697,0.5173776861879693
15082,0.9824947961665467,0.0014891062684914893,0.01601609756496182
15083,0.9490197755601734,0.004075690018506157,0.04690453442132053
15084,0.9710287977875759,0.0018150790763381284,0.027156123136085977
15085,0.8469707524347683,0.01623822354694734,0.13679102401828444
15086,0.4307765494922397,0.0038670422752100707,0.5653564082325503
15087,0.981923782986566,0.00311397291559915,0.014962244097834917
15088,0.9679582249237617,0.004616029636010142,0.027425745440228085
15089,0.9783943269390734,0.003166120209353516,0.018439552851573157
15090,0.9910476954209433,0.0010821428748543584,0.007870161704202414
15091,0.004754387526181093,0.0002763205279681288,0.9949692919458508
15092,0.7077117242966499,0.017539160333365587,0.2747491153699846
15093,0.9312035668952627,0.00766027529507468,0.061136157809662486
15094,0.9470769196415665,0.006356927511530973,0.04656615284690247
15095,0.17479765250900137,0.0101443537362798,0.8150579937547189
15096,0.9862499608028281,0.0016759924548647176,0.01207404674230719
15097,0.9808953959509495,0.004568762238999017,0.014535841810051355
15098,0.9834783728945593,0.009800919572336279,0.006720707533104471
15099,0.7949241695262129,0.026303165853359806,0.17877266462042732
15100,0.8856074061462053,0.012174304558832191,0.10221828929496254
15101,0.9688559198649837,0.0011019236342550308,0.030042156500761346
15102,0.9863692151570661,0.0016757717050301989,0.011955013137903717
15103,0.17737360683301945,0.04921741494765875,0.7734089782193218
15104,0.9574365361290462,0.01951645513943196,0.0230470087315218
15105,0.9660602621594329,0.014066547225713653,0.019873190614853452
15106,0.29018827762424626,0.06933218716279149,0.6404795352129623
15107,0.9849534588264822,0.004578909700888809,0.010467631472629002
15108,0.09138653351629278,0.005539666675301934,0.9030737998084053
15109,0.06427801365671913,0.0013247902004299337,0.9343971961428509
15110,0.8945196028639681,0.003938917180590873,0.10154147995544081
15111,0.9806215763407823,0.0008248258102654624,0.018553597848952323
15112,0.04684870448371249,0.0014919225867953219,0.9516593729294922
15113,0.9566963254443785,0.006145402427873868,0.03715827212774764
15114,0.035493062749380924,0.00427921236947011,0.960227724881149
15115,0.9777199701699302,0.005656925092857649,0.01662310473721219
15116,0.8729163898097714,0.01580467292024193,0.11127893726998675
15117,0.27046010183403996,0.05718365151473231,0.6723562466512277
15118,0.10212483263740169,0.0010160080885070054,0.8968591592740913
15119,0.6729085565505429,0.005908023609823304,0.3211834198396338
15120,0.45308566210017315,0.010313020146982274,0.5366013177528446
15121,0.16257196700101192,0.0021659875001441937,0.8352620454988439
15122,0.956592048749349,0.002509852862277778,0.04089809838837318
15123,0.8462566693869586,0.019199101429329127,0.13454422918371226
15124,0.32624369694058464,0.012135811240949331,0.661620491818466
15125,0.9302546808083499,0.0009955508382540439,0.06874976835339608
15126,0.02108870755375851,0.002691868672734404,0.9762194237735071
15127,0.4092613683064728,0.05415183527492704,0.5365867964186002
15128,0.7577914728490075,0.010567439674958184,0.23164108747603435
15129,0.9700983505107821,0.003706835201265682,0.026194814287952176
15130,0.921168783757823,0.057299918447183226,0.021531297794993912
15131,0.8692545366797944,0.005159369602872824,0.12558609371733281
15132,0.6603223606749631,0.026272635379840856,0.31340500394519616
15133,0.00887854079489264,0.0005012753261756386,0.9906201838789318
15134,0.7278841046462144,0.06775508582038996,0.20436080953339558
15135,0.9246999828071223,0.0190314892195129,0.056268527973364825
15136,0.9882145672098936,0.0012817285805257902,0.010503704209580678
15137,0.975285146027504,0.00396800719698844,0.020746846775507578
15138,0.9690759647166738,0.0077246602818561,0.023199375001470054
15139,0.9248712772271084,0.005293176470444726,0.06983554630244695
15140,0.961418427163,0.00223505945398184,0.03634651338301817
15141,0.9405809564228094,0.0163688256769877,0.04305021790020292
15142,0.9639185789232566,0.011038185619786147,0.025043235456957098
15143,0.964295447307136,0.0044092920078155455,0.031295260685048475
15144,0.9134913943243318,0.04399577967581344,0.04251282599985468
15145,0.8237126806936318,0.007383886641495251,0.168903432664873
15146,0.9459769466022417,0.015754005856979017,0.03826904754077927
15147,0.9358390011246263,0.0032253935449676765,0.060935605330406144
15148,0.9780345344337041,0.0014820925283946767,0.02048337303790119
15149,0.6067310470396762,0.006475120196657188,0.3867938327636667
15150,0.27063855778255347,0.003362656305745248,0.7259987859117013
15151,0.9710197976079804,0.01354340311379005,0.015436799278229543
15152,0.93889507448717,0.0009581756034673472,0.06014674990936263
15153,0.7564644964846802,0.04569537620226052,0.1978401273130594
15154,0.14617393901690034,0.008331042027551605,0.845495018955548
15155,0.4852274516214346,0.1411903147067548,0.37358223367181065
15156,0.959912678224738,0.004768040039436498,0.0353192817358255
15157,0.9231290343964206,0.005358124143167598,0.0715128414604118
15158,0.15672059671298583,0.0023357910154999622,0.8409436122715142
15159,0.2599691689222283,0.1521766598622138,0.5878541712155579
15160,0.05048895761004951,0.008023716084046431,0.9414873263059041
15161,0.9068303065631554,0.02013335765443751,0.07303633578240712
15162,0.8957032947336898,0.006714292418874184,0.09758241284743602
15163,0.9621771891528205,0.0026864492497704943,0.03513636159740905
15164,0.009040177884601491,0.0032549882662174755,0.9877048338491811
15165,0.9614616369108494,0.0024638306730764936,0.03607453241607396
15166,0.9743841892520146,0.0023062397712767836,0.023309570976708632
15167,0.48364035773959513,0.009341315440604228,0.5070183268198007
15168,0.8300702128642307,0.00957056589178154,0.1603592212439878
15169,0.7862343703455452,0.022162893493116252,0.19160273616133844
15170,0.9872837701539304,0.0008237217692033471,0.0118925080768663
15171,0.034251327360172355,0.002691567156794382,0.9630571054830332
15172,0.91602051050844,0.0013787788223955401,0.08260071066916448
15173,0.9808763018030885,0.0021614261817833034,0.01696227201512819
15174,0.9285344268413533,0.0035844944541941525,0.06788107870445255
15175,0.9890744996755046,0.005615689012847733,0.005309811311647641
15176,0.9480967550788506,0.006020798276033366,0.04588244664511605
15177,0.8575877484154925,0.002102067447243597,0.14031018413726398
15178,0.9615670350824492,0.0024061237192634596,0.03602684119828738
15179,0.960395573138565,0.0011662788191390643,0.03843814804229578
15180,0.9398804141167835,0.0026195725809723207,0.05750001330224412
15181,0.9072476571488377,0.0035614719073564583,0.08919087094380586
15182,0.9269748073113071,0.010491435523763387,0.06253375716492947
15183,0.9171112010933092,0.002563722640163946,0.08032507626652684
15184,0.9492630175294128,0.006450703279757575,0.04428627919082962
15185,0.03691577961465122,0.0009966060950362707,0.9620876142903125
15186,0.613887187532098,0.0055470429486011415,0.3805657695193009
15187,0.34281393957790607,0.0111253707174419,0.646060689704652
15188,0.9650130204114312,0.01776054566099399,0.01722643392757486
15189,0.14036824030223222,0.0003978027743347527,0.8592339569234331
15190,0.8253331914017003,0.007237852534463363,0.16742895606383645
15191,0.9463373939998044,0.006622333374732782,0.04704027262546275
15192,0.6518824232802316,0.0728280552187057,0.27528952150106273
15193,0.8130025084009942,0.17111629699633393,0.01588119460267191
15194,0.6158384920914298,0.13660867833837811,0.24755282957019206
15195,0.2814171593253117,0.006637933819938933,0.7119449068547494
15196,0.07309412658646237,0.004455254867361836,0.9224506185461758
15197,0.04720898721119896,0.0059492520290107065,0.9468417607597903
15198,0.9298465831778456,0.004632922054903632,0.06552049476725079
15199,0.8976197189671066,0.009214167072705339,0.09316611396018806
15200,0.968495439268001,0.002661345379018517,0.028843215352980497
15201,0.9063595586189063,0.009126836705919688,0.08451360467517402
15202,0.6827781580542979,0.020223703275183694,0.29699813867051844
15203,0.9668874429015483,0.008724472484804843,0.02438808461364697
15204,0.26737858586810564,0.0023305577868070137,0.7302908563450873
15205,0.014291707593171579,0.0017660995704660777,0.9839421928363623
15206,0.048130677605800455,0.020396536869809676,0.93147278552439
15207,0.9697629847195183,0.002602290905718266,0.027634724374763463
15208,0.5273867900785252,0.014186117852080191,0.4584270920693945
15209,0.005600543017590971,0.0003999031810887322,0.9939995538013203
15210,0.9835485785115593,0.009304403855624564,0.007147017632816025
15211,0.9314600587029384,0.0039053584746604635,0.0646345828224012
15212,0.9761791116069327,0.0017869216796899676,0.022033966713377342
15213,0.9877667666944948,0.0018667495757200522,0.010366483729785164
15214,0.44527967489359277,0.42638872658846416,0.12833159851794315
15215,0.012390572679734192,0.000761445347784031,0.9868479819724817
15216,0.9368511759029846,0.01989988171672229,0.04324894238029306
15217,0.026571915320427728,0.0037431214633586087,0.9696849632162137
15218,0.9792380769392777,0.0018721308841647638,0.01888979217655767
15219,0.9598881268699953,0.01261419174296166,0.027497681387043126
15220,0.9521459575658926,0.0033165286622571398,0.04453751377185026
15221,0.02989549411003521,0.0014500559460657793,0.968654449943899
15222,0.9519273749458643,0.008384130357146575,0.039688494696989145
15223,0.21981693419254705,0.0032784027767750355,0.776904663030678
15224,0.9109965539770489,0.008269126630370114,0.08073431939258091
15225,0.7950310003095346,0.04239992133538881,0.16256907835507664
15226,0.6764080630706735,0.0039994721369886015,0.31959246479233805
15227,0.8349354715046917,0.045447559396036896,0.11961696909927141
15228,0.903092244252127,0.00913065620264252,0.0877770995452306
15229,0.8189223885189839,0.009379008470213814,0.17169860301080228
15230,0.019708013313528804,0.0019052883719184643,0.9783866983145527
15231,0.6872485066604442,0.09494837056212907,0.2178031227774268
15232,0.9430161058419166,0.0032674530096309783,0.05371644114845245
15233,0.8321347313702067,0.00859601977894422,0.15926924885084923
15234,0.9326962205694649,0.007532677388086172,0.05977110204244901
15235,0.8744863375015737,0.08179195071435488,0.04372171178407148
15236,0.9906546156328805,0.0008952350097392596,0.008450149357380204
15237,0.8720737266481445,0.0025122382913593164,0.12541403506049625
15238,0.9157122848011003,0.012279690767133682,0.07200802443176607
15239,0.938112545299886,0.005294535927368738,0.05659291877274534
15240,0.9685901103455178,0.013410677411065832,0.017999212243416343
15241,0.0240198060133101,0.021534156265957307,0.9544460377207327
15242,0.15370346388349487,0.002792728024606957,0.8435038080918983
15243,0.9584076231028731,0.01003247763276347,0.03155989926436353
15244,0.16513279073549092,0.03473801494865309,0.800129194315856
15245,0.9700165422642792,0.0035422213704343736,0.026441236365286377
15246,0.033679379861028605,0.0013185254611889202,0.9650020946777825
15247,0.9627217875287486,0.014632218821650653,0.022645993649600755
15248,0.8689105439969701,0.011899535536781424,0.11918992046624842
15249,0.06547616360704146,0.006742433525707738,0.9277814028672509
15250,0.9781953501123453,0.0021146002406115354,0.019690049647043194
15251,0.19345652480608677,0.016691369693779566,0.7898521055001336
15252,0.9657567060824773,0.007324784889012887,0.02691850902850969
15253,0.9012698827702339,0.0060983761495523965,0.09263174108021374
15254,0.15044791993574727,0.004820831310317767,0.844731248753935
15255,0.06829511699539328,0.006268858844540017,0.9254360241600668
15256,0.9777420196649356,0.0015047198918202213,0.0207532604432442
15257,0.6981498248921174,0.014131508099881573,0.28771866700800103
15258,0.9873241659025761,0.0011592423297959941,0.011516591767627883
15259,0.9685614855408461,0.011936641219655767,0.019501873239498164
15260,0.5075751385380315,0.010896264676411437,0.481528596785557
15261,0.8864120795287301,0.035931726127533446,0.07765619434373638
15262,0.8148984793054141,0.06281959494957967,0.12228192574500624
15263,0.9021770787576034,0.022326158355845078,0.07549676288655147
15264,0.8943098293365959,0.043403083417956935,0.0622870872454472
15265,0.644357859694138,0.17685128861658037,0.17879085168928166
15266,0.16922371179931728,0.013331292308433282,0.8174449958922495
15267,0.6952023774887288,0.007230808662859354,0.2975668138484119
15268,0.9809106190274727,0.001589851749906628,0.017499529222620658
15269,0.4810779456505138,0.007561709714861824,0.5113603446346244
15270,0.9755534481923038,0.0013915576201107265,0.023054994187585495
15271,0.9701619019411291,0.002065502881008556,0.02777259517786232
15272,0.9698936906684661,0.018858719387693186,0.01124758994384066
15273,0.3781717384641424,0.014470164763221448,0.6073580967726362
15274,0.8733458732667306,0.009316434331994274,0.1173376924012751
15275,0.045679240938709884,0.007484711262476549,0.9468360477988136
15276,0.5394233441671339,0.14984819857515025,0.31072845725771586
15277,0.9419539900695886,0.006270026490483434,0.05177598343992799
15278,0.9651253261039999,0.003848886680364423,0.031025787215635592
15279,0.5989752010764968,0.37691157582087276,0.024113223102630556
15280,0.9609714726901455,0.0072085899295181765,0.031819937380336394
15281,0.9697858830208326,0.00934967667487032,0.020864440304297047
15282,0.7686033910957237,0.011556140741909979,0.2198404681623661
15283,0.9678642778515416,0.004817776699981803,0.027317945448476596
15284,0.255907032626963,0.011565347889387189,0.7325276194836499
15285,0.19518536176082035,0.005154939633245103,0.7996596986059346
15286,0.14656634925322085,0.03924271743559879,0.8141909333111803
15287,0.977635401448451,0.0012297231421805614,0.02113487540936853
15288,0.9872972820271937,0.001574326626333832,0.011128391346472437
15289,0.2615745799153632,0.0023465575740956824,0.7360788625105411
15290,0.9570335491610377,0.011496516032979772,0.03146993480598262
15291,0.9062163389287407,0.0038863657018838905,0.08989729536937541
15292,0.7947192302535893,0.00947579527138806,0.19580497447502254
15293,0.12457811837892047,0.001809333734987085,0.8736125478860925
15294,0.9930872369468272,0.0009374551114630168,0.0059753079417096955
15295,0.6973218794473837,0.011530564913406415,0.29114755563920985
15296,0.04923721374202031,0.2733978139466314,0.6773649723113483
15297,0.9746318188263725,0.002204060426464517,0.02316412074716301
15298,0.9343530241755658,0.0026089910258013066,0.0630379847986329
15299,0.8051929351468959,0.07630185732483138,0.11850520752827275
15300,0.9737515858659787,0.004971367723906723,0.021277046410114627
15301,0.8661364220774025,0.009636089748135051,0.12422748817446244
15302,0.9623128293158971,0.005020802129889685,0.03266636855421329
15303,0.9305970605197443,0.004306923061143345,0.06509601641911228
15304,0.979321007739737,0.0017060116327274615,0.018972980627535704
15305,0.969345012074712,0.0022296363730229035,0.02842535155226508
15306,0.5857106409432131,0.01561864182842021,0.3986707172283667
15307,0.9782183241815028,0.002005314862362565,0.01977636095613474
15308,0.27917188091056727,0.03837698122673954,0.6824511378626932
15309,0.9799282173623908,0.0011206236917457508,0.018951158945863533
15310,0.9887657380819637,0.002484543081462922,0.008749718836573356
15311,0.1639886469777811,0.006823706798647755,0.8291876462235712
15312,0.8665813964935848,0.013521095879720025,0.11989750762669517
15313,0.826927327342013,0.008371371564963634,0.1647013010930234
15314,0.9473272613109027,0.0023024149035819515,0.05037032378551534
15315,0.938626056615365,0.040666841065127496,0.020707102319507547
15316,0.9777401870579658,0.0007262754263486148,0.02153353751568559
15317,0.9635016309250619,0.01919716408552014,0.01730120498941795
15318,0.9340192138908973,0.009208919987628265,0.056771866121474494
15319,0.20249793146147194,0.24606378035283316,0.551438288185695
15320,0.9626988846060489,0.003733930872855898,0.03356718452109523
15321,0.9017662794136869,0.024418915524726234,0.07381480506158686
15322,0.7367283517798233,0.08234733006411514,0.1809243181560615
15323,0.9234222642818143,0.00535485330297217,0.07122288241521346
15324,0.9587598427537275,0.003308641711423523,0.037931515534849074
15325,0.6490699590690686,0.009574278166177804,0.34135576276475366
15326,0.9054059996432485,0.003735385616117745,0.09085861474063377
15327,0.7966358780477298,0.10788648895305847,0.0954776329992117
15328,0.048913411226210804,0.002993361898965922,0.9480932268748233
15329,0.9253387706140881,0.0526894823482234,0.021971747037688366
15330,0.5414730949099535,0.018012307004335686,0.44051459808571075
15331,0.9036199646850039,0.0019440949690427806,0.09443594034595332
15332,0.9578076032555652,0.0192345798172685,0.022957816927166214
15333,0.8553351518322435,0.005951653123090976,0.13871319504466553
15334,0.08609490739306495,0.6060039464609335,0.30790114614600167
15335,0.1530269404931723,0.013757890737178197,0.8332151687696495
15336,0.9846385141710813,0.00501817016796169,0.010343315660957118
15337,0.9662238185552988,0.0029100853616928547,0.03086609608300825
15338,0.16701488683583895,0.006134007374673493,0.8268511057894875
15339,0.11025556069961748,0.0018213567989158084,0.8879230825014667
15340,0.07899852859759131,0.012949196060079281,0.9080522753423294
15341,0.9683862646061668,0.0020116401988964855,0.02960209519493673
15342,0.24887116458322694,0.008303078652426297,0.7428257567643468
15343,0.8938308282593047,0.006944316385813032,0.09922485535488229
15344,0.3909735630342818,0.035364367243161485,0.5736620697225566
15345,0.7490525313702021,0.01349124737198502,0.2374562212578129
15346,0.9842165816244491,0.00145488423999565,0.014328534135555175
15347,0.7396738681081467,0.01749007405706871,0.24283605783478457
15348,0.9593180393398802,0.009095104597797945,0.031586856062321776
15349,0.07229882716494941,0.0015637479769085691,0.926137424858142
15350,0.5124491198889213,0.0035008485712399087,0.48405003153983883
15351,0.178637806424726,0.016068762827779817,0.8052934307474942
15352,0.9210782640802707,0.005511264370892586,0.07341047154883668
15353,0.9811953567893303,0.004232632748712115,0.01457201046195755
15354,0.9872509609981943,0.002144397383741191,0.01060464161806452
15355,0.9796155623779594,0.01427930736214647,0.006105130259894197
15356,0.9714684059589525,0.004551249831660361,0.023980344209387307
15357,0.7226763767747495,0.005638783336169795,0.27168483988908076
15358,0.9671780299163404,0.0030743586845668343,0.02974761139909275
15359,0.9622787920644615,0.016493911366078598,0.02122729656945992
15360,0.911679707815206,0.023511336650913126,0.06480895553388091
15361,0.9250825735586011,0.006209977483534509,0.06870744895786439
15362,0.9773442230587147,0.0013490135383085954,0.021306763402976638
15363,0.7535055206099431,0.17621739699612124,0.07027708239393554
15364,0.23155721554711534,0.0188673060702952,0.7495754783825894
15365,0.9294081811458219,0.007666798600947099,0.06292502025323106
15366,0.797043385841053,0.0040594893552216285,0.19889712480372532
15367,0.9714001623196236,0.015106212328318014,0.013493625352058503
15368,0.7103533566893863,0.0682489640377936,0.22139767927282022
15369,0.9540574574986835,0.0034268758861441683,0.042515666615172296
15370,0.9509184925221887,0.005174223099955261,0.043907284377855904
15371,0.7271825159951373,0.019357736545877885,0.2534597474589848
15372,0.8265628261308681,0.07974303775160005,0.09369413611753197
15373,0.8560893674214674,0.004513640317765845,0.13939699226076688
15374,0.9381773240393059,0.008368867391989136,0.05345380856870501
15375,0.9517149827658449,0.0033276087811777563,0.04495740845297737
15376,0.3790506078465397,0.2647234290363822,0.35622596311707805
15377,0.984337205309499,0.007004805663348076,0.008657989027153023
15378,0.828994885394914,0.006874950296861829,0.16413016430822425
15379,0.9730649487240898,0.00128832671723186,0.025646724558678374
15380,0.08954256291988953,0.0032426819946720898,0.9072147550854384
15381,0.0098577221902624,0.004177087682086459,0.9859651901276512
15382,0.985101911530718,0.003959148878379292,0.010938939590902539
15383,0.9445982385813622,0.004524062818857124,0.050877698599780745
15384,0.9693229128743612,0.011291835349017346,0.019385251776621502
15385,0.062411228594334206,0.003238615673759101,0.9343501557319067
15386,0.46962387750648765,0.005368232262644139,0.5250078902308681
15387,0.9033059988458833,0.010716570126405115,0.08597743102771171
15388,0.018435809424972166,0.0029513617857889226,0.9786128287892389
15389,0.023874887495311605,0.0023397271397464204,0.973785385364942
15390,0.6199026171536762,0.012837662174262812,0.367259720672061
15391,0.6707744129276392,0.015686590367165652,0.3135389967051952
15392,0.8677229978448839,0.007141144715704342,0.12513585743941158
15393,0.9657804172976598,0.0034631789852076927,0.03075640371713256
15394,0.7597659433586275,0.014023822889110044,0.22621023375226235
15395,0.6038932185435958,0.0028383622586155444,0.3932684191977886
15396,0.9757399997924782,0.002025574409641894,0.022234425797879858
15397,0.833337843365297,0.06672738906512683,0.09993476756957596
15398,0.9264719510728628,0.002003017401431072,0.07152503152570613
15399,0.9853468088434121,0.0018259553345424111,0.01282723582204553
15400,0.9750297078666921,0.005926073805322431,0.01904421832798549
15401,0.9160702239529558,0.007787232014453102,0.07614254403259121
15402,0.016300461398650466,0.0051615071265233075,0.9785380314748262
15403,0.8791950437074875,0.08520379789068416,0.03560115840182834
15404,0.9490056127235873,0.0035403576115469342,0.04745402966486578
15405,0.9124697564280853,0.04284622111342102,0.04468402245849374
15406,0.855392438311589,0.01047673329601612,0.1341308283923949
15407,0.09270644119126732,0.01422662404986163,0.893066934758871
15408,0.9069050314149393,0.006837856553092923,0.08625711203196784
15409,0.02417037402082654,0.021404362692784965,0.9544252632863885
15410,0.9841854217100926,0.0011108329472811068,0.01470374534262635
15411,0.866002587785257,0.008464548178664807,0.12553286403607816
15412,0.2708969325238004,0.02864777413648971,0.7004552933397099
15413,0.6969775317960167,0.003797950884735287,0.2992245173192479
15414,0.9674116807635035,0.006663002429936204,0.025925316806560284
15415,0.02507130574804815,0.0019073461512432107,0.9730213481007086
15416,0.6393836135660571,0.002830638780104892,0.3577857476538379
15417,0.1174920968299156,0.0026445026256506476,0.8798634005444338
15418,0.007412253411052885,0.0009655384508597356,0.9916222081380873
15419,0.5930278257223355,0.009090896955786049,0.39788127732187856
15420,0.49051279475883364,0.014021160032014139,0.4954660452091523
15421,0.9747433467314409,0.007206141604720455,0.018050511663838715
15422,0.05404860875977372,0.003118871130522857,0.9428325201097034
15423,0.8674175788804005,0.016194488758822678,0.1163879323607768
15424,0.9768050815760261,0.009538510032643619,0.01365640839133026
15425,0.9849026435023079,0.006674409362751473,0.008422947134940593
15426,0.9738552381441989,0.0028212952606546746,0.023323466595146464
15427,0.732295513701452,0.007808414769501742,0.2598960715290463
15428,0.963727610894943,0.004196896475301974,0.032075492629755065
15429,0.8893008152370988,0.005055826672583239,0.10564335809031794
15430,0.9536842658710682,0.015295688246558388,0.031020045882373427
15431,0.019389447854903624,0.009448090236152347,0.9711624619089441
15432,0.04871281875925827,0.0031263337093607488,0.948160847531381
15433,0.9043495467406452,0.04455033874843014,0.05110011451092459
15434,0.46577582366858755,0.011009553752631863,0.5232146225787806
15435,0.6284055510584815,0.028071445294338433,0.34352300364718
15436,0.873977201736319,0.024076231541738515,0.10194656672194254
15437,0.8927646352989634,0.02340188082783184,0.08383348387320476
15438,0.8625935263851552,0.05745629861996165,0.0799501749948833
15439,0.987895116302541,0.002850713637712089,0.009254170059746974
15440,0.9616401942813222,0.0042103193963100435,0.0341494863223679
15441,0.8589262130746971,0.005167294029231673,0.13590649289607123
15442,0.9604265842049269,0.007559083870861269,0.032014331924211895
15443,0.9789408844240073,0.00840470606377228,0.012654409512220506
15444,0.8599046802099152,0.0647980232580977,0.07529729653198723
15445,0.9832078933039791,0.00717188161055466,0.009620225085466236
15446,0.9806618208298303,0.0024586604315516448,0.016879518738618003
15447,0.9629540868611197,0.004761347859821202,0.0322845652790592
15448,0.9143778225195138,0.004864815904997972,0.0807573615754883
15449,0.43720361327260904,0.002803991073751936,0.559992395653639
15450,0.9693450424714491,0.0068256918802156305,0.023829265648335186
15451,0.9874966165443384,0.0010726460588901794,0.011430737396771444
15452,0.374236100170547,0.11892205600491564,0.5068418438245373
15453,0.9574103948770628,0.0027324810440309396,0.03985712407890632
15454,0.8101202726537956,0.02732598729437426,0.16255374005183
15455,0.9453177284863199,0.006201762348770127,0.048480509164910035
15456,0.6445179605003133,0.03965865705043883,0.31582338244924796
15457,0.9135505631415054,0.022625399081776434,0.06382403777671818
15458,0.009491793446233875,0.0021292196378321347,0.9883789869159341
15459,0.37326040103229,0.008721725002446706,0.6180178739652633
15460,0.2654029569225463,0.0286018325741367,0.705995210503317
15461,0.9664229119244516,0.006405308440669139,0.02717177963487933
15462,0.9433673756570431,0.022655508545380752,0.033977115797576174
15463,0.37940706441766814,0.00890296687837431,0.6116899687039576
15464,0.7361653401343726,0.030245600563631136,0.23358905930199625
15465,0.9181059548371399,0.03256792902697988,0.04932611613588022
15466,0.7562029818998172,0.02700252382289432,0.21679449427728856
15467,0.25623874988470186,0.006312748305930685,0.7374485018093674
15468,0.974537673626819,0.01242826588451566,0.013034060488665358
15469,0.6956300966345337,0.0035639519875477824,0.30080595137791866
15470,0.22765763849896178,0.0031447028448897342,0.7691976586561485
15471,0.9555692617588838,0.00029683034868648267,0.04413390789242982
15472,0.03136484495761855,0.0015067289204177996,0.9671284261219637
15473,0.02538304165277866,0.002432780908998752,0.9721841774382226
15474,0.9621527503201001,0.003228120074780162,0.03461912960511987
15475,0.9385801153426562,0.007032736030265629,0.05438714862707826
15476,0.05375564273752617,0.0030249452100949443,0.9432194120523789
15477,0.9769038764169135,0.002039781407851774,0.021056342175234784
15478,0.8590583524199605,0.01535210294833774,0.1255895446317017
15479,0.6093653879740707,0.007113121377784711,0.3835214906481446
15480,0.9359797235166437,0.009969652795623955,0.05405062368773237
15481,0.9715043280877126,0.0016669180683820475,0.026828753843905446
15482,0.956396116255973,0.002175251298472307,0.041428632445554704
15483,0.5275038834862353,0.046533763719515384,0.4259623527942493
15484,0.9746562751750864,0.003126437157818449,0.022217287667095215
15485,0.9710358107142734,0.0024538817339887875,0.026510307551737958
15486,0.9817540438287461,0.001911369835645163,0.016334586335608678
15487,0.7816582385898161,0.042400862680409206,0.17594089872977473
15488,0.7079575247483983,0.027868816356481606,0.26417365889512007
15489,0.9645850123783273,0.0029417000065368563,0.03247328761513595
15490,0.7888598062937603,0.006506886685281587,0.20463330702095817
15491,0.9887003655420136,0.0005551457241746619,0.010744488733811822
15492,0.0890041167983545,0.0041442401241190505,0.9068516430775264
15493,0.9507476798583451,0.0054316718364247705,0.04382064830523014
15494,0.8882466314509717,0.06415328771158564,0.04760008083744269
15495,0.9443640362272054,0.005280579454248323,0.050355384318546303
15496,0.13823560870411056,0.014645421562208287,0.8471189697336812
15497,0.9034450922769736,0.008909982712977134,0.0876449250100493
15498,0.9262122353360178,0.016588205859194797,0.057199558804787325
15499,0.8539436440563888,0.035122699920684425,0.11093365602292682
15500,0.28675863302529914,0.0417220637312112,0.6715193032434896
15501,0.4885186442428754,0.47836322829161826,0.03311812746550643
15502,0.068678006754356,0.005138888108400953,0.9261831051372431
15503,0.9473039112485944,0.006302348548344352,0.04639374020306133
15504,0.012979147952755591,0.00731740993303395,0.9797034421142105
15505,0.02077283494308233,0.01066294464999754,0.9685642204069201
15506,0.8615383734982216,0.003427538972726086,0.13503408752905224
15507,0.9156054665174959,0.03807091362353071,0.046323619858973444
15508,0.6489993971243547,0.02992238608680263,0.32107821678884274
15509,0.9441329261811304,0.009776918076866025,0.04609015574200361
15510,0.9550291448114879,0.005420471873247921,0.03955038331526421
15511,0.7047167063510511,0.023240503397416394,0.2720427902515325
15512,0.7477806316342278,0.11792658015954825,0.134292788206224
15513,0.7988941716162639,0.01814625929445955,0.18295956908927663
15514,0.8708364686656569,0.005796178669745448,0.12336735266459764
15515,0.9783622386720754,0.000933320188817813,0.020704441139106782
15516,0.967229647719011,0.018554120403959755,0.014216231877029216
15517,0.959114964940392,0.0033385125114933022,0.037546522548114795
15518,0.4793943934256038,0.021130763490370984,0.4994748430840252
15519,0.9352969791107221,0.025266781582655693,0.03943623930662222
15520,0.9802559906941133,0.0012297238757367386,0.018514285430150035
15521,0.7762112517351685,0.007497048399199039,0.21629169986563246
15522,0.7117729395350118,0.0783836255186562,0.20984343494633206
15523,0.9107700111563994,0.0017311162537844915,0.08749887258981603
15524,0.08548812969151594,0.0035821326652764876,0.9109297376432076
15525,0.29367809438331605,0.01720822149827868,0.6891136841184052
15526,0.9387229076481876,0.005107565185765215,0.056169527166047235
15527,0.9766579628075632,0.0026357184878155896,0.020706318704621186
15528,0.6594914500624031,0.1135664148787491,0.2269421350588479
15529,0.9840964095072309,0.0020626675148529188,0.013840922977916231
15530,0.28383638280571294,0.031191241974575814,0.6849723752197112
15531,0.3924532861967429,0.07891952862656265,0.5286271851766945
15532,0.9729733064389883,0.005013675554590199,0.022013018006421546
15533,0.9319095149758534,0.002160887010998797,0.0659295980131478
15534,0.9254642203063267,0.015174844747322024,0.05936093494635131
15535,0.9443457095581387,0.0041087287831277925,0.05154556165873345
15536,0.9340862603397962,0.008294703391518336,0.05761903626868536
15537,0.5232432290276244,0.06283042119132326,0.4139263497810523
15538,0.977428195338088,0.0012267577746732786,0.021345046887238636
15539,0.06499183827403246,0.001498926149213804,0.9335092355767537
15540,0.02996569411652576,0.0018799820429816125,0.9681543238404927
15541,0.9225338863587255,0.02168548580287036,0.05578062783840422
15542,0.959996538026811,0.003541513571211965,0.03646194840197711
15543,0.9888929429667291,0.0006198155924377101,0.010487241440833035
15544,0.10028101261960926,0.011417454992957763,0.888301532387433
15545,0.978131605632441,0.0018443123408343968,0.02002408202672472
15546,0.8918041792747204,0.0033168808818128093,0.10487893984346669
15547,0.022881849866960822,0.012329115618754228,0.964789034514285
15548,0.9868240916515512,0.004203034371436329,0.00897287397701257
15549,0.9327417416751621,0.008830903818901548,0.05842735450593642
15550,0.5948944914861988,0.004731418392030942,0.4003740901217703
15551,0.0043754624065459385,0.0023387888690676265,0.9932857487243865
15552,0.9378020439626105,0.008661641375842133,0.053536314661547436
15553,0.5374951358142739,0.006116562153891935,0.4563883020318342
15554,0.9318698501539939,0.0022494067076375274,0.06588074313836857
15555,0.8769556236416999,0.013019909912576594,0.11002446644572349
15556,0.9595631120924467,0.0010037693704330536,0.039433118537120254
15557,0.985557962426703,0.0013895622458613124,0.013052475327435625
15558,0.02113992785894638,0.004044759773908085,0.9748153123671456
15559,0.9601444268860002,0.0031423541876696858,0.036713218926330164
15560,0.5855390568360095,0.0073466349491155165,0.40711430821487504
15561,0.01973291112095095,0.0024724638473042995,0.9777946250317447
15562,0.03927006920056707,0.017187582600159016,0.943542348199274
15563,0.962058109001223,0.006359885583860119,0.03158200541491683
15564,0.8258004916944014,0.016399763887355718,0.1577997444182428
15565,0.9576343552549561,0.00642510314763762,0.03594054159740626
15566,0.9823186754200113,0.0012289386270259808,0.01645238595296272
15567,0.023476619315117107,0.0014315694937378832,0.9750918111911451
15568,0.9419307590476859,0.03147499437009706,0.026594246582217047
15569,0.6758449665147375,0.004371007381338626,0.3197840261039239
15570,0.5703413028604077,0.037273615041976293,0.39238508209761597
15571,0.9181674856192789,0.0055256277581306615,0.07630688662259054
15572,0.9660573566453468,0.0019741491809988658,0.031968494173654376
15573,0.9544999231927758,0.016393796994004815,0.029106279813219414
15574,0.751630640600838,0.10290558329414495,0.14546377610501715
15575,0.13514991419881944,0.03438376001177304,0.8304663257894075
15576,0.20612185968648783,0.004405866523094374,0.7894722737904178
15577,0.033552805311330626,0.004547187769333786,0.9619000069193356
15578,0.9908428110143499,0.0007711376544960594,0.008386051331153908
15579,0.8336440625664134,0.01687024763312679,0.1494856898004598
15580,0.9114642246301777,0.0356292472503378,0.05290652811948449
15581,0.9698130893379361,0.015744143782660435,0.014442766879403494
15582,0.9161048800170352,0.005045596261157184,0.07884952372180759
15583,0.9442627992893522,0.011072615098804542,0.04466458561184325
15584,0.3258668123734574,0.02221229731106193,0.6519208903154807
15585,0.08912310024057456,0.031445143793612365,0.8794317559658131
15586,0.6886266289728765,0.08907952508919227,0.22229384593793122
15587,0.9304912150187028,0.003376017314148104,0.06613276766714919
15588,0.8576358716401653,0.055079954376027834,0.08728417398380678
15589,0.9537243227716687,0.004164868125933885,0.04211080910239734
15590,0.9826628170253835,0.006789368405666168,0.010547814568950379
15591,0.9647546015938279,0.0017944104112904387,0.03345098799488163
15592,0.9834102920044084,0.007576754112293627,0.009012953883297993
15593,0.6490388504212803,0.31088576087986786,0.04007538869885191
15594,0.10066375390688787,0.002441188783729358,0.8968950573093828
15595,0.8265669439149989,0.015170938799435521,0.15826211728556563
15596,0.08632555211844821,0.016288140405396407,0.8973863074761553
15597,0.9536801566429398,0.004847005326147527,0.04147283803091268
15598,0.7153744519941471,0.017978692015507197,0.2666468559903458
15599,0.9858707170063099,0.006540741055395784,0.00758854193829426
15600,0.702781067652347,0.005398229846858987,0.29182070250079406
15601,0.04011247761979936,0.002067197110033431,0.9578203252701672
15602,0.9854298640881144,0.0013861805408869367,0.013183955370998696
15603,0.3166392322298294,0.46485176646192594,0.21850900130824463
15604,0.9470955248781548,0.0028529695573691334,0.050051505564476
